100 220
10 4 84
10 9 39
20 14 79
20 19 80
30 24 92
30 29 19
40 34 33
40 39 77
50 44 28
50 49 55
60 54 48
60 59 63
70 64 36
70 69 51
80 74 96
80 79 92
90 84 64
90 89 72
100 94 14
100 99 61
1 5 1
1 10 24
11 15 13
11 20 81
21 25 15
21 30 40
31 35 13
31 40 10
41 45 100
41 50 22
51 55 51
51 60 84
61 65 61
61 70 29
71 75 64
71 80 52
81 85 49
81 90 98
91 95 29
91 100 77
2 6 53
2 1 77
12 16 40
12 11 90
22 26 28
22 21 35
32 36 81
32 31 92
42 46 7
42 41 95
52 56 53
52 51 8
62 66 19
62 61 66
72 76 89
72 71 35
82 86 6
82 81 2
92 96 46
92 91 6
3 7 24
3 2 98
13 17 91
13 12 85
23 27 26
23 22 54
33 37 37
33 32 76
43 47 51
43 42 67
53 57 53
53 52 3
63 67 44
63 62 94
73 77 94
73 72 72
83 87 28
83 82 74
93 97 64
93 92 35
4 8 69
4 3 16
14 18 44
14 13 88
24 28 83
24 23 33
34 38 23
34 33 90
44 48 35
44 43 69
54 58 96
54 53 59
64 68 66
64 63 86
74 78 44
74 73 93
84 88 40
84 83 82
94 98 69
94 93 92
5 9 48
5 4 21
15 19 95
15 14 92
25 29 14
25 24 88
35 39 64
35 34 43
45 49 62
45 44 28
55 59 79
55 54 31
65 69 45
65 64 22
75 79 18
75 74 27
85 89 56
85 84 42
95 99 17
95 94 91
6 10 10
6 5 12
16 20 50
16 15 76
26 30 99
26 25 94
36 40 69
36 35 38
46 50 75
46 45 37
56 60 29
56 55 23
66 70 59
66 65 24
76 80 15
76 75 73
86 90 12
86 85 80
96 100 16
96 95 75
7 1 7
7 6 95
17 11 5
17 16 52
27 21 17
27 26 24
37 31 80
37 36 73
47 41 66
47 46 97
57 51 64
57 56 76
67 61 9
67 66 13
77 71 52
77 76 7
87 81 7
87 86 20
97 91 46
97 96 82
8 2 57
8 7 76
18 12 5
18 17 15
28 22 100
28 27 20
38 32 89
38 37 12
48 42 100
48 47 5
58 52 87
58 57 7
68 62 1
68 67 93
78 72 59
78 77 18
88 82 16
88 87 39
98 92 92
98 97 82
9 3 36
9 8 55
19 13 58
19 18 45
29 23 69
29 28 10
39 33 53
39 38 76
49 43 30
49 48 100
59 53 58
59 58 88
69 63 75
69 68 63
79 73 3
79 78 75
89 83 84
89 88 93
99 93 88
99 98 83
1 41 98
5 15 75
11 51 91
15 25 99
21 61 67
25 35 50
31 71 16
35 45 83
41 81 89
45 55 7
51 91 65
55 65 25
61 1 63
65 75 23
71 11 70
75 85 32
81 21 33
85 95 23
91 31 7
95 5 63
