23 54
5 144
31 92
29 29
17 0
23 0
11 161
53 62
5 121
5 110
19 80
47 5
31 0
5 185
31 75
11 99
11 0
31 13
37 12
29 80
11 70
11 152
5 142
71 0
37 35
3 31
3 16
3 198
29 64
3 177
5 86
43 74
47 40
23 54
3 16
5 86
11 0
41 85
71 70
5 106
79 18
31 48
79 45
7 76
3 178
29 70
5 179
29 19
29 97
29 64
5 138
31 80
31 86
83 28
31 13
31 159
41 85
5 22
23 0
3 185
11 155
31 53
31 98
53 56
31 59
5 12
29 29
3 36
67 37
29 64
79 50
31 13
29 19
31 80
31 92
5 0
3 36
67 13
31 155
5 22
11 137
37 12
3 36
3 159
5 65
53 53
5 187
5 64
47 5
17 15
53 53
37 12
67 0
29 0
11 0
29 29
3 204
23 26
5 1
11 91
