100 220
10 4 84
10 9 39
20 14 79
20 19 80
30 24 92
30 29 19
40 34 33
40 39 77
50 44 28
50 49 55
60 54 48
60 59 63
70 64 36
70 69 51
80 74 96
80 79 92
90 84 64
90 89 72
100 94 14
100 99 61
1 5 1
1 10 24
11 15 13
11 20 81
21 25 15
21 30 40
31 35 13
31 40 10
41 45 100
41 50 22
51 55 51
51 60 84
61 65 61
61 70 29
71 75 64
71 80 52
81 85 49
81 90 98
91 95 29
91 100 77
2 6 53
2 1 77
12 16 40
12 11 90
22 26 28
22 21 35
32 36 81
32 31 92
42 46 7
42 41 95
52 56 53
52 51 8
62 66 19
62 61 66
72 76 89
72 71 35
82 86 6
82 81 2
92 96 46
92 91 6
3 7 24
3 2 98
13 17 91
13 12 85
23 27 26
23 22 54
33 37 37
33 32 76
43 47 51
43 42 67
53 57 53
53 52 3
63 67 44
63 62 94
73 77 94
73 72 72
83 87 28
83 82 74
93 97 64
93 92 35
4 8 69
4 3 16
14 18 44
14 13 88
24 28 83
24 23 33
34 38 23
34 33 90
44 48 35
44 43 69
54 58 96
54 53 59
64 68 66
64 63 86
74 78 44
74 73 93
84 88 40
84 83 82
94 98 69
94 93 92
5 9 48
5 4 21
15 19 95
15 14 92
25 29 14
25 24 88
35 39 64
35 34 43
45 49 62
45 44 28
55 59 79
55 54 31
65 69 45
65 64 22
75 79 18
75 74 27
85 89 56
85 84 42
95 99 17
95 94 91
6 10 10
6 5 12
16 20 50
16 15 76
26 30 99
26 25 94
36 40 69
36 35 38
46 50 75
46 45 37
56 60 29
56 55 23
66 70 59
66 65 24
76 80 15
76 75 73
86 90 12
86 85 80
96 100 16
96 95 75
7 1 7
7 6 95
17 11 5
17 16 52
27 21 17
27 26 24
37 31 80
37 36 73
47 41 66
47 46 97
57 51 64
57 56 76
67 61 9
67 66 13
77 71 52
77 76 7
87 81 7
87 86 20
97 91 46
97 96 82
8 2 57
8 7 76
18 12 5
18 17 15
28 22 100
28 27 20
38 32 89
38 37 12
48 42 100
48 47 5
58 52 87
58 57 7
68 62 1
68 67 93
78 72 59
78 77 18
88 82 16
88 87 39
98 92 92
98 97 82
9 3 36
9 8 55
19 13 58
19 18 45
29 23 69
29 28 10
39 33 53
39 38 76
49 43 30
49 48 100
59 53 58
59 58 88
69 63 75
69 68 63
79 73 3
79 78 75
89 83 84
89 88 93
99 93 88
99 98 83
1 41 98
5 15 75
11 51 91
15 25 99
21 61 67
25 35 50
31 71 16
35 45 83
41 81 89
45 55 7
51 91 65
55 65 25
61 1 63
65 75 23
71 11 70
75 85 32
81 21 33
85 95 23
91 31 7
95 5 63
25 2 3 5 7 11 13 17 19 23 29 31 37 41 43 47 53 59 61 67 71 73 79 83 89 97
100
22 16 23 59 11 29 41 3 31 19 13 47 7 37 53 17 43 5
69 9 19 29 23 5 13 11 3 17 7
32 23 79 47 73 71 37 23 29 53 17 7 3 5 19 31 83 67 41 11 43 13 61 89 59
21 11 31 3 11 7 19 29 13 23 17 5 37
17 12 5 31 7 11 37 23 3 19 29 13 17 41
23 23 43 83 37 71 47 53 89 19 73 67 17 11 29 41 7 3 59 5 31 13 61 79 23
54 5 5 13 3 11 7
55 15 7 19 13 31 47 29 43 3 23 41 5 53 11 37 17
50 10 7 5 31 17 3 11 23 13 19 29
65 8 3 17 19 23 5 13 11 7
20 13 13 11 29 17 7 31 3 37 23 19 41 43 5
48 23 3 5 13 61 47 89 73 7 37 67 43 83 17 71 11 23 59 31 53 19 29 79 41
31 23 67 5 3 41 29 13 31 7 19 53 37 59 79 73 11 83 47 71 43 23 61 17 89
78 2 5 3
100 13 29 17 37 41 13 5 11 19 23 31 3 7 43
52 7 3 5 7 17 13 11 19
11 21 7 61 17 23 31 37 59 79 3 71 29 11 43 67 41 47 19 73 5 13 53
35 21 17 41 47 79 43 29 3 23 73 5 13 61 11 59 53 71 7 67 31 19 37
38 12 29 3 23 17 37 7 31 5 11 13 19 41
88 16 11 7 19 13 29 47 23 59 37 31 43 17 41 3 53 5
71 5 7 3 11 5 13
56 7 3 13 11 19 17 5 7
87 3 7 3 5
71 22 5 3 7 19 17 47 37 59 43 29 31 53 71 83 13 11 61 41 67 73 23 79
34 12 3 41 19 11 7 37 23 17 31 13 29 5
1 1 3
4 24 19 11 3 53 29 67 43 17 59 13 71 41 5 7 89 37 61 97 31 47 73 23 79 83
28 1 3
82 15 13 17 37 23 19 11 53 31 7 43 41 3 5 47 29
16 1 3
85 5 11 3 7 5 13
46 23 37 73 43 67 5 3 13 17 19 61 83 79 41 31 89 29 59 47 11 7 71 53 23
44 22 11 3 17 71 13 29 53 79 47 37 43 59 67 31 7 5 83 73 19 61 23 41
22 8 11 5 7 13 19 3 23 17
4 3 3 5 7
85 8 23 19 3 17 13 5 11 7
11 10 23 3 7 13 11 29 19 17 5 31
55 13 31 29 5 7 17 37 19 41 3 11 43 13 23
78 20 23 17 53 37 3 71 61 73 47 31 19 13 5 7 59 29 67 41 43 11
68 5 3 13 7 5 11
75 24 7 31 79 67 13 97 43 11 37 73 83 59 5 89 17 41 3 19 47 71 23 53 61 29
93 23 37 59 43 11 67 19 79 31 53 61 83 89 17 5 23 41 71 7 3 47 29 73 13
74 21 23 31 59 47 7 13 37 41 19 43 71 3 53 67 29 11 73 79 17 5 61
8 14 13 37 41 23 47 19 7 3 5 11 29 43 17 31
27 1 3
86 13 41 13 31 3 17 7 29 19 5 11 37 43 23
46 6 7 3 11 17 5 13
30 12 5 11 19 7 23 37 17 41 13 3 29 31
83 9 19 7 13 29 3 5 23 17 11
82 10 31 13 3 29 7 17 19 23 5 11
96 2 5 3
75 15 3 17 19 23 13 7 11 43 53 47 41 5 31 37 29
78 11 37 13 3 5 19 11 17 29 23 31 7
87 24 41 17 53 7 73 43 97 13 5 29 31 67 47 11 61 71 3 79 19 37 23 83 59 89
35 20 13 7 3 17 31 53 67 71 61 23 43 59 11 41 29 73 19 47 37 5
48 11 3 7 31 23 17 37 5 13 19 11 29
55 13 3 7 17 19 13 37 41 5 23 11 43 29 31
10 5 3 7 11 5 13
23 12 5 11 19 31 37 7 3 29 17 41 23 13
88 1 3
57 8 7 13 23 3 5 11 17 19
97 18 3 23 43 19 5 61 37 17 53 7 31 41 47 67 29 11 13 59
79 12 13 11 29 3 17 37 23 7 19 41 31 5
56 15 41 7 47 43 5 3 53 31 29 23 17 11 37 19 13
85 16 11 23 3 41 43 47 13 37 29 31 19 7 5 53 17 59
6 13 41 31 23 19 3 29 5 11 43 13 7 17 37
21 20 17 31 61 23 73 71 29 3 37 19 5 47 41 59 7 13 53 11 67 43
9 12 3 17 29 5 23 11 13 19 31 7 41 37
65 24 79 97 31 23 37 53 5 89 3 59 43 73 11 7 83 61 67 19 29 41 71 17 47 13
82 21 71 59 79 67 7 73 31 3 61 13 23 47 17 5 11 29 43 41 53 19 37
85 23 83 37 61 5 43 23 13 31 71 47 67 7 41 53 11 17 73 3 59 19 89 29 79
92 11 31 7 23 11 3 17 29 19 37 5 13
30 22 71 47 11 61 41 53 67 29 3 73 31 5 17 23 79 83 7 13 19 59 43 37
52 14 31 5 47 11 19 41 29 3 23 13 37 17 43 7
32 16 17 43 5 59 23 13 47 19 53 29 41 11 7 31 3 37
5 18 11 13 67 19 59 47 31 41 5 29 3 37 23 61 53 17 43 7
9 20 23 3 17 67 7 41 73 13 53 29 47 59 5 31 61 43 37 11 19 71
66 19 13 59 17 61 7 43 19 47 41 71 3 37 53 67 5 23 29 11 31
60 10 31 3 5 7 29 17 19 11 23 13
10 22 41 19 7 23 79 5 13 17 59 29 37 3 31 47 67 73 71 61 83 53 43 11
36 8 3 23 13 17 19 11 7 5
38 24 23 59 37 13 19 43 83 41 29 89 7 67 61 73 31 79 53 17 3 5 97 11 71 47
9 17 43 3 53 29 17 61 23 47 11 37 31 59 19 5 13 41 7
64 1 3
2 2 3 5
57 17 61 59 3 23 43 13 31 37 11 19 29 5 47 7 17 41 53
60 3 5 3 7
61 13 3 5 43 7 37 11 17 31 19 13 29 23 41
48 15 3 41 11 5 29 43 31 47 17 53 19 7 13 37 23
18 13 3 19 7 37 43 5 11 23 29 17 31 13 41
57 19 3 37 11 5 61 17 31 7 47 43 23 53 59 41 19 13 67 71 29
38 16 41 59 19 11 5 29 23 47 43 17 3 13 53 37 31 7
67 23 53 43 13 61 89 73 31 3 41 47 23 17 71 83 37 19 7 11 29 67 79 59 5
29 17 47 11 23 53 13 31 59 7 5 37 19 3 41 43 61 17 29
11 8 7 3 11 23 19 13 17 5
21 14 41 43 3 7 19 13 29 47 37 17 31 23 11 5
23 1 3
27 16 53 37 29 31 5 59 3 47 23 13 11 41 17 43 7 19
1 14 5 47 19 29 31 3 41 23 37 43 17 11 7 13
51 4 3 11 5 7
